{
  "advancedEditorSelectedIdentifier" : "ProjectBrowser",
  "openSceneRelativePaths" : [
    "Immersive.usda",
    "SunImmersive.usda"
  ],
  "recentIdentifiers" : {
    "1D572CEB-057A-41C3-B575-04C37501A3C0" : [

    ]
  },
  "sceneCameraHistory" : {
    "1D572CEB-057A-41C3-B575-04C37501A3C0" : [
      {
        "date" : 731000228.13271999,
        "title" : "Untitled",
        "transform" : [
          0.97487819194793701,
          -2.2125865584143867e-09,
          -0.22273848950862885,
          0,
          0.022269072011113167,
          0.99498963356018066,
          0.097466997802257538,
          0,
          0.22162242233753204,
          -0.099978648126125336,
          0.9699937105178833,
          0,
          0.67142820358276367,
          0.85400700569152832,
          1.298450231552124,
          1
        ]
      },
      {
        "date" : 731000205.53442097,
        "title" : "Untitled",
        "transform" : [
          0.91382139921188354,
          -1.130089710699167e-08,
          -0.40611621737480164,
          0,
          -0.17328637838363647,
          0.90439724922180176,
          -0.38991990685462952,
          0,
          0.36729031801223755,
          0.42669156193733215,
          0.82645761966705322,
          0,
          0.98656362295150757,
          1.9273512363433838,
          1.0607891082763672,
          1
        ]
      },
      {
        "date" : 731000190.43167305,
        "title" : "Untitled",
        "transform" : [
          0.64654570817947388,
          -6.3785070558708412e-09,
          -0.76287519931793213,
          0,
          -0.26405349373817444,
          0.93818682432174683,
          -0.22378842532634735,
          0,
          0.71571946144104004,
          0.34612929821014404,
          0.60658073425292969,
          0,
          1.895744800567627,
          1.7664852142333984,
          0.90664207935333252,
          1
        ]
      },
      {
        "date" : 731000180.79832602,
        "title" : "Untitled",
        "transform" : [
          0.99425584077835083,
          -5.0608832680154592e-09,
          -0.10702896118164062,
          0,
          -0.023687919601798058,
          0.97520071268081665,
          -0.22005103528499603,
          0,
          0.1043747216463089,
          0.22132232785224915,
          0.96959912776947021,
          0,
          0.82594966888427734,
          1.5593689680099487,
          1.4048131704330444,
          1
        ]
      },
      {
        "date" : 731000176.60046804,
        "title" : "Untitled",
        "transform" : [
          -0.31833982467651367,
          -5.0551478558702456e-09,
          0.94797664880752563,
          0,
          0.20983049273490906,
          0.97519546747207642,
          0.070463106036186218,
          0,
          -0.92446243762969971,
          0.22134557366371155,
          -0.3104434609413147,
          0,
          -2.0702760219573975,
          1.5594453811645508,
          -3.1860840320587158,
          1
        ]
      },
      {
        "date" : 731000104.165488,
        "title" : "Untitled",
        "transform" : [
          0.99218308925628662,
          -8.3147128071558996e-10,
          0.12479039281606674,
          0,
          0.025096839293837547,
          0.9795682430267334,
          -0.19953988492488861,
          0,
          -0.12224070727825165,
          0.20111194252967834,
          0.97191113233566284,
          0,
          -0.18069827556610107,
          1.0195249319076538,
          1.4401661157608032,
          1
        ]
      },
      {
        "date" : 731000102.64990699,
        "title" : "Untitled",
        "transform" : [
          0.99218308925628662,
          -8.3147128071558996e-10,
          0.12479039281606674,
          0,
          0.025096839293837547,
          0.9795682430267334,
          -0.19953988492488861,
          0,
          -0.12224070727825165,
          0.20111194252967834,
          0.97191113233566284,
          0,
          -0.1279604434967041,
          0.72197067737579346,
          1.0198453664779663,
          1
        ]
      },
      {
        "date" : 730998113.76834095,
        "title" : "Untitled",
        "transform" : [
          0.99422657489776611,
          -8.3147128071558996e-10,
          0.10730095207691193,
          0,
          0.021579504013061523,
          0.9795682430267334,
          -0.19995084404945374,
          0,
          -0.1051086038351059,
          0.20111194252967834,
          0.97391283512115479,
          0,
          -0.14294323325157166,
          0.93833047151565552,
          1.3281949758529663,
          1
        ]
      },
      {
        "date" : 730998020.68116796,
        "title" : "Untitled",
        "transform" : [
          0.99422657489776611,
          -1.7345759273368344e-09,
          0.10730094462633133,
          0,
          0.021579507738351822,
          0.97956830263137817,
          -0.19995084404945374,
          0,
          -0.1051086038351059,
          0.20111198723316193,
          0.97391283512115479,
          0,
          -0.10657986998558044,
          0.99526762962341309,
          1.391995906829834,
          1
        ]
      },
      {
        "date" : 730998014.63427198,
        "title" : "Untitled",
        "transform" : [
          0.99422657489776611,
          -1.7257322237895778e-09,
          0.10730094462633133,
          0,
          0.033832605928182602,
          0.94899016618728638,
          -0.31348529458045959,
          0,
          -0.10182754695415497,
          0.31530573964118958,
          0.9435112476348877,
          0,
          -0.1177012026309967,
          1.6355558633804321,
          1.2213598489761353,
          1
        ]
      }
    ],
    "23C65027-DDF4-4BA2-9A5A-21C83D3CAE1D" : [
      {
        "date" : 731001153.71218705,
        "title" : "Untitled",
        "transform" : [
          0.99886524677276611,
          2.9784494870455092e-09,
          -0.047625575214624405,
          0,
          -0.007162448950111866,
          0.98862671852111816,
          -0.15022020041942596,
          0,
          0.047083880752325058,
          0.1503908783197403,
          0.98750483989715576,
          0,
          -0.44389727711677551,
          1.0475080013275146,
          2.0078132152557373,
          1
        ]
      },
      {
        "date" : 731000946.24239898,
        "title" : "Untitled",
        "transform" : [
          0.96883994340896606,
          2.6080060333555366e-09,
          0.24768739938735962,
          0,
          0.07792326807975769,
          0.94922327995300293,
          -0.30480021238327026,
          0,
          -0.23511070013046265,
          0.3146032989025116,
          0.91964548826217651,
          0,
          -0.96306335926055908,
          1.3664867877960205,
          1.5908660888671875,
          1
        ]
      },
      {
        "date" : 731000939.84069002,
        "title" : "Untitled",
        "transform" : [
          0.96325379610061646,
          1.5939960462674208e-09,
          0.26859274506568909,
          0,
          0.096077322959899902,
          0.93383407592773438,
          -0.34456196427345276,
          0,
          -0.25082108378410339,
          0.35770633816719055,
          0.89951926469802856,
          0,
          -1.1462033987045288,
          0.097696110606193542,
          2.0768642425537109,
          1
        ]
      },
      {
        "date" : 731000921.42377806,
        "title" : "Untitled",
        "transform" : [
          0.55730158090591431,
          -3.6666570224497264e-08,
          -0.83031022548675537,
          0,
          -0.46788060665130615,
          0.82611548900604248,
          -0.31404000520706177,
          0,
          0.68593209981918335,
          0.56350100040435791,
          0.46039539575576782,
          0,
          0.90976220369338989,
          1.9586551189422607,
          1.428758978843689,
          1
        ]
      },
      {
        "date" : 731000918.80657005,
        "title" : "Untitled",
        "transform" : [
          0.92418235540390015,
          0.00032917730277404189,
          -0.38195118308067322,
          0,
          -0.19306880235671997,
          0.86324048042297363,
          -0.46641203761100769,
          0,
          0.32956221699714661,
          0.50479269027709961,
          0.79785525798797607,
          0,
          0,
          1.8287901878356934,
          1.8287903070449829,
          1
        ]
      },
      {
        "date" : 731000643.66810095,
        "title" : "Untitled",
        "transform" : [
          0.89269906282424927,
          -2.3793148007378306e-11,
          0.45065322518348694,
          0,
          0.23218855261802673,
          0.85705411434173584,
          -0.45994231104850769,
          0,
          -0.38623416423797607,
          0.51522660255432129,
          0.76509135961532593,
          0,
          -0.16265910863876343,
          0.21807259321212769,
          0.32028639316558838,
          1
        ]
      },
      {
        "date" : 731000615.96270299,
        "title" : "Untitled",
        "transform" : [
          1,
          0,
          0,
          0,
          0,
          0.86602544784545898,
          -0.49999994039535522,
          0,
          0,
          0.49999994039535522,
          0.86602544784545898,
          0,
          0,
          0.21162685751914978,
          0.36654853820800781,
          1
        ]
      }
    ],
    "626A8B9B-CA3A-4719-8633-C8E63171755A" : [
      {
        "date" : 730998120.66809595,
        "title" : "Untitled",
        "transform" : [
          0.99869394302368164,
          -4.4074255356463254e-09,
          0.05109187588095665,
          0,
          0.031466696411371231,
          0.78783643245697021,
          -0.61508023738861084,
          0,
          -0.040252033621072769,
          0.61588460206985474,
          0.78680747747421265,
          0,
          -0.017036821693181992,
          0.26067546010017395,
          0.3330191969871521,
          1
        ]
      },
      {
        "date" : 730998117.44850695,
        "title" : "Untitled",
        "transform" : [
          1,
          0,
          0,
          0,
          0,
          0.86602544784545898,
          -0.49999994039535522,
          0,
          0,
          0.49999994039535522,
          0.86602544784545898,
          0,
          0,
          0.21162685751914978,
          0.36654853820800781,
          1
        ]
      }
    ]
  },
  "selectedSceneRelativePath" : "SunImmersive.usda"
}